0 0.00000000000000000000000000000000
1 0.01904761904761904933724991906274
2 0.00000000000000000000000000000000
3 0.01904761904761904933724991906274
4 0.01904761904761904933724991906274
5 0.02380952380952380820211544687481
6 0.01904761904761904933724991906274
7 0.01904761904761904933724991906274
8 0.02380952380952380820211544687481
9 0.01904761904761904933724991906274
10 0.02142857142857142876968268296878
11 0.02222222222222222307030925492199
12 0.01904761904761904933724991906274
13 0.01904761904761904933724991906274
14 0.02063492063492063446905611101556
15 0.01904761904761904933724991906274
16 0.01904761904761904933724991906274
17 0.01904761904761904933724991906274
18 0.01904761904761904933724991906274
19 0.02222222222222222307030925492199
20 0.01904761904761904933724991906274
21 0.01904761904761904933724991906274
22 0.01904761904761904933724991906274
23 0.02095238095238095149541734940613
24 0.02023809523809523905346630101576
25 0.01904761904761904933724991906274
26 0.02222222222222222307030925492199
27 0.02222222222222222307030925492199
28 0.00000000000000000000000000000000
29 0.01904761904761904933724991906274
30 0.01904761904761904933724991906274
31 0.01904761904761904933724991906274
32 0.02095238095238095149541734940613
33 0.02857142857142857053642792664050
34 0.00000000000000000000000000000000
35 0.01904761904761904933724991906274
36 0.01904761904761904933724991906274
37 0.01904761904761904933724991906274
38 0.01904761904761904933724991906274
39 0.02095238095238095149541734940613
40 0.02063492063492063099960915906195
41 0.01904761904761904933724991906274
42 0.02176870748299319924257133607171
43 0.02023809523809523905346630101576
44 0.01904761904761904933724991906274
45 0.02142857142857142876968268296878
46 0.01904761904761904933724991906274
47 0.02164502164502164413550922006380
48 0.01904761904761904933724991906274
49 0.02095238095238095149541734940613
50 0.02380952380952380820211544687481
51 0.01904761904761904933724991906274
52 0.01904761904761904933724991906274
53 0.00000000000000000000000000000000
54 0.01904761904761904933724991906274
55 0.02142857142857142876968268296878
56 0.01904761904761904933724991906274
57 0.01904761904761904933724991906274
58 0.02261904761904762195534601687541
59 0.00000000000000000000000000000000
60 0.01904761904761904933724991906274
61 0.01904761904761904933724991906274
62 0.01904761904761904933724991906274
63 0.01904761904761904933724991906274
64 0.02063492063492063446905611101556
65 0.01904761904761904933724991906274
66 0.02380952380952381167156239882843
67 0.02142857142857142876968268296878
68 0.01904761904761904933724991906274
69 0.02095238095238095149541734940613
70 0.01904761904761904933724991906274
71 0.01904761904761904933724991906274
72 0.01904761904761904933724991906274
73 0.01904761904761904933724991906274
74 0.02176870748299319924257133607171
75 0.02063492063492063446905611101556
76 0.02142857142857142530023573101516
77 0.01904761904761904933724991906274
78 0.01904761904761904933724991906274
79 0.02448979591836735261733970503428
80 0.02380952380952380820211544687481
81 0.01904761904761904933724991906274
82 0.01904761904761904933724991906274
83 0.02063492063492063446905611101556
84 0.02063492063492063446905611101556
85 0.02063492063492063446905611101556
86 0.02063492063492063446905611101556
87 0.02857142857142857053642792664050
88 0.02222222222222222307030925492199
89 0.02312925170068027072578509262257
90 0.02380952380952380820211544687481
91 0.01904761904761905280669687101636
92 0.02285714285714285712303173170312
93 0.01904761904761904933724991906274
94 0.02142857142857142876968268296878
95 0.01904761904761904933724991906274
96 0.02142857142857142876968268296878
97 0.01904761904761904933724991906274
98 0.02222222222222222307030925492199
99 0.02312925170068027419523204457619
100 0.01904761904761904239835601515551
101 0.01904761904761904933724991906274
102 0.01904761904761904933724991906274
103 0.01904761904761904933724991906274
104 0.01904761904761904933724991906274
